      141.444      239.065 1.00000e+007     0.000000     0.000000     0.000000
     0.000000
      263.880      245.285 7.47086e+006     0.000000     0.000000     0.000000
     0.000000
      231.020      322.379 6.59129e+006     0.000000     0.000000     0.000000
     0.000000
      238.198      88.8366 3.32472e+006     0.000000     0.000000     0.000000
     0.000000
      278.154      274.961 1.83254e+006     0.000000     0.000000     0.000000
     0.000000
      29.2396      101.448 1.59408e+006     0.000000     0.000000     0.000000
     0.000000
      102.241      189.381 1.21068e+006     0.000000     0.000000     0.000000
     0.000000
      92.1810      178.633      773162.     0.000000     0.000000     0.000000
     0.000000
      302.978      15.4805      737351.     0.000000     0.000000     0.000000
     0.000000
      248.226      279.705      704095.     0.000000     0.000000     0.000000
     0.000000
      141.675      175.461      676584.     0.000000     0.000000     0.000000
     0.000000
      340.424      329.580      661287.     0.000000     0.000000     0.000000
     0.000000
      256.130      5.77905      638781.     0.000000     0.000000     0.000000
     0.000000
      99.0782      359.178      519881.     0.000000     0.000000     0.000000
     0.000000
      230.265      63.1091      506067.     0.000000     0.000000     0.000000
     0.000000
      160.545      357.701      500177.     0.000000     0.000000     0.000000
     0.000000
      87.1833      35.7546      479293.     0.000000     0.000000     0.000000
     0.000000
      181.326      21.0803      457698.     0.000000     0.000000     0.000000
     0.000000
      193.221      151.761      437480.     0.000000     0.000000     0.000000
     0.000000
      331.626      281.044      421626.     0.000000     0.000000     0.000000
     0.000000
      196.967      215.621      411944.     0.000000     0.000000     0.000000
     0.000000
      332.888      67.3763      396346.     0.000000     0.000000     0.000000
     0.000000
      301.842      183.755      377396.     0.000000     0.000000     0.000000
     0.000000
      14.9324      100.224      356474.     0.000000     0.000000     0.000000
     0.000000
      188.292      324.556      344011.     0.000000     0.000000     0.000000
     0.000000
      79.8033      20.1347      340647.     0.000000     0.000000     0.000000
     0.000000
      203.205      292.668      340602.     0.000000     0.000000     0.000000
     0.000000
      4.08286      251.532      336837.     0.000000     0.000000     0.000000
     0.000000
      89.6078      216.392      308973.     0.000000     0.000000     0.000000
     0.000000
      153.712      171.918      296011.     0.000000     0.000000     0.000000
     0.000000
      248.966      195.936      266923.     0.000000     0.000000     0.000000
     0.000000
      117.632      48.2569      260607.     0.000000     0.000000     0.000000
     0.000000
      308.253      29.6234      260248.     0.000000     0.000000     0.000000
     0.000000
      203.769      56.2594      250214.     0.000000     0.000000     0.000000
     0.000000
      238.393      363.804      237712.     0.000000     0.000000     0.000000
     0.000000
      316.437      357.973      236734.     0.000000     0.000000     0.000000
     0.000000
      306.785      152.560      235881.     0.000000     0.000000     0.000000
     0.000000
      342.694      277.907      233065.     0.000000     0.000000     0.000000
     0.000000
      54.1969      292.909      231872.     0.000000     0.000000     0.000000
     0.000000
      68.3034      347.885      222287.     0.000000     0.000000     0.000000
     0.000000
      94.0176      60.6761      221532.     0.000000     0.000000     0.000000
     0.000000
      102.126      156.966      221122.     0.000000     0.000000     0.000000
     0.000000
      328.504      50.0842      219851.     0.000000     0.000000     0.000000
     0.000000
      323.204      36.2747      212618.     0.000000     0.000000     0.000000
     0.000000
      61.5537      54.2696      205046.     0.000000     0.000000     0.000000
     0.000000
      167.366      142.279      197444.     0.000000     0.000000     0.000000
     0.000000
      129.178      170.515      193344.     0.000000     0.000000     0.000000
     0.000000
      80.7047      345.043      190810.     0.000000     0.000000     0.000000
     0.000000
      214.974      206.928      186916.     0.000000     0.000000     0.000000
     0.000000
      75.1124      331.121      186550.     0.000000     0.000000     0.000000
     0.000000
      219.742      57.2710      181822.     0.000000     0.000000     0.000000
     0.000000
      275.859      227.410      178175.     0.000000     0.000000     0.000000
     0.000000
      93.2953      151.123      176123.     0.000000     0.000000     0.000000
     0.000000
      231.419      322.719      173074.     0.000000     0.000000     0.000000
     0.000000
      238.244      107.443      172252.     0.000000     0.000000     0.000000
     0.000000
      152.464      347.544      170346.     0.000000     0.000000     0.000000
     0.000000
      143.542      295.029      168789.     0.000000     0.000000     0.000000
     0.000000
      169.870      248.333      168593.     0.000000     0.000000     0.000000
     0.000000
      292.060      261.347      164718.     0.000000     0.000000     0.000000
     0.000000
      35.8475      94.3537      162842.     0.000000     0.000000     0.000000
     0.000000
      48.4971      310.308      161867.     0.000000     0.000000     0.000000
     0.000000
      161.854      258.059      155129.     0.000000     0.000000     0.000000
     0.000000
      261.010      315.584      149634.     0.000000     0.000000     0.000000
     0.000000
      270.759      170.260      149466.     0.000000     0.000000     0.000000
     0.000000
      161.598      80.8070      146634.     0.000000     0.000000     0.000000
     0.000000
      118.249      347.903      144433.     0.000000     0.000000     0.000000
     0.000000
      188.792      324.297      142534.     0.000000     0.000000     0.000000
     0.000000
      150.565      319.440      142475.     0.000000     0.000000     0.000000
     0.000000
      294.201      322.857      139912.     0.000000     0.000000     0.000000
     0.000000
      40.3396      231.383      138934.     0.000000     0.000000     0.000000
     0.000000
      300.716      321.223      136407.     0.000000     0.000000     0.000000
     0.000000
      313.770      53.2494      131038.     0.000000     0.000000     0.000000
     0.000000
      165.575      116.979      125809.     0.000000     0.000000     0.000000
     0.000000
      37.1321      265.568      122559.     0.000000     0.000000     0.000000
     0.000000
      179.508      9.89236      114837.     0.000000     0.000000     0.000000
     0.000000
      225.502      251.722      113258.     0.000000     0.000000     0.000000
     0.000000
      363.681      80.0904      111222.     0.000000     0.000000     0.000000
     0.000000
      171.779      278.806      111141.     0.000000     0.000000     0.000000
     0.000000
      58.4512      258.920      110230.     0.000000     0.000000     0.000000
     0.000000
      316.804      304.948      107616.     0.000000     0.000000     0.000000
     0.000000
      302.164      91.1036      107397.     0.000000     0.000000     0.000000
     0.000000
      26.5350      219.965      106188.     0.000000     0.000000     0.000000
     0.000000
      283.449      155.508      105731.     0.000000     0.000000     0.000000
     0.000000
      211.195      185.650      105438.     0.000000     0.000000     0.000000
     0.000000
      188.711      82.2072      104895.     0.000000     0.000000     0.000000
     0.000000
      72.2484      105.537      101507.     0.000000     0.000000     0.000000
     0.000000
      289.912      3.21481      98803.0     0.000000     0.000000     0.000000
     0.000000
      254.344      7.08516      98763.3     0.000000     0.000000     0.000000
     0.000000
      302.036      52.2602      98698.9     0.000000     0.000000     0.000000
     0.000000
      274.811      359.645      95523.1     0.000000     0.000000     0.000000
     0.000000
      118.079      32.5073      93886.7     0.000000     0.000000     0.000000
     0.000000
      285.718      23.3751      93222.0     0.000000     0.000000     0.000000
     0.000000
      59.9410      178.202      92600.3     0.000000     0.000000     0.000000
     0.000000
      61.3693      269.778      91754.5     0.000000     0.000000     0.000000
     0.000000
      202.962      100.187      90361.8     0.000000     0.000000     0.000000
     0.000000
      256.779      96.4422      88950.8     0.000000     0.000000     0.000000
     0.000000
      95.8379      144.879      87336.5     0.000000     0.000000     0.000000
     0.000000
      231.668      118.223      86284.7     0.000000     0.000000     0.000000
     0.000000
      192.931      254.259      85762.4     0.000000     0.000000     0.000000
     0.000000
      232.133      31.2530      84899.0     0.000000     0.000000     0.000000
     0.000000
      94.6659      174.799      83423.6     0.000000     0.000000     0.000000
     0.000000
      136.477      188.531      83193.9     0.000000     0.000000     0.000000
     0.000000
      298.921      278.288      82613.9     0.000000     0.000000     0.000000
     0.000000
      39.6911      230.275      82228.0     0.000000     0.000000     0.000000
     0.000000
      115.177      244.697      82011.5     0.000000     0.000000     0.000000
     0.000000
      191.734      189.689      81725.9     0.000000     0.000000     0.000000
     0.000000
      255.640      247.122      79493.9     0.000000     0.000000     0.000000
     0.000000
      148.062      143.007      75975.5     0.000000     0.000000     0.000000
     0.000000
      122.010      119.083      75621.7     0.000000     0.000000     0.000000
     0.000000
      200.155      190.028      75504.5     0.000000     0.000000     0.000000
     0.000000
      169.312      285.975      74337.4     0.000000     0.000000     0.000000
     0.000000
      357.948      307.675      73702.0     0.000000     0.000000     0.000000
     0.000000
      359.127      274.367      71515.1     0.000000     0.000000     0.000000
     0.000000
      45.3947      57.2922      71148.6     0.000000     0.000000     0.000000
     0.000000
      204.018      10.9722      70522.5     0.000000     0.000000     0.000000
     0.000000
      244.906      334.343      65969.8     0.000000     0.000000     0.000000
     0.000000
      258.525      297.974      65360.8     0.000000     0.000000     0.000000
     0.000000
      258.209      214.108      64573.3     0.000000     0.000000     0.000000
     0.000000
      199.392      61.8723      64532.7     0.000000     0.000000     0.000000
     0.000000
      61.0304      229.297      63913.4     0.000000     0.000000     0.000000
     0.000000
      160.626      164.319      62196.8     0.000000     0.000000     0.000000
     0.000000
      329.092      248.683      61878.7     0.000000     0.000000     0.000000
     0.000000
      127.118      169.217      61871.3     0.000000     0.000000     0.000000
     0.000000
      191.067      240.918      61298.6     0.000000     0.000000     0.000000
     0.000000
      250.683      28.4992      61234.0     0.000000     0.000000     0.000000
     0.000000
      40.4708      4.53567      60880.9     0.000000     0.000000     0.000000
     0.000000
      259.064      80.9131      60770.4     0.000000     0.000000     0.000000
     0.000000
      143.693      92.0707      58822.8     0.000000     0.000000     0.000000
     0.000000
      27.1328      110.225      57835.5     0.000000     0.000000     0.000000
     0.000000
      142.263      303.959      57615.0     0.000000     0.000000     0.000000
     0.000000
      22.9556      296.589      57282.7     0.000000     0.000000     0.000000
     0.000000
      23.7486      312.086      56885.8     0.000000     0.000000     0.000000
     0.000000
      103.904      211.577      56217.2     0.000000     0.000000     0.000000
     0.000000
      122.554      167.526      56121.2     0.000000     0.000000     0.000000
     0.000000
      275.144      70.9676      56078.2     0.000000     0.000000     0.000000
     0.000000
      181.944      342.399      56035.8     0.000000     0.000000     0.000000
     0.000000
      248.900      264.279      55127.5     0.000000     0.000000     0.000000
     0.000000
      179.764      48.4617      54755.7     0.000000     0.000000     0.000000
     0.000000
      64.7956      190.716      54361.8     0.000000     0.000000     0.000000
     0.000000
      168.035      354.381      53846.0     0.000000     0.000000     0.000000
     0.000000
      305.555      13.5973      53464.5     0.000000     0.000000     0.000000
     0.000000
      254.125      164.183      52782.5     0.000000     0.000000     0.000000
     0.000000
      129.826      82.6673      52045.7     0.000000     0.000000     0.000000
     0.000000
      175.487      96.5041      51705.9     0.000000     0.000000     0.000000
     0.000000
      131.850      5.19465      49549.7     0.000000     0.000000     0.000000
     0.000000
      251.157      47.6331      48155.6     0.000000     0.000000     0.000000
     0.000000
      156.185      297.552      44830.9     0.000000     0.000000     0.000000
     0.000000
      32.7849      347.404      44548.8     0.000000     0.000000     0.000000
     0.000000
      139.296      359.265      44434.4     0.000000     0.000000     0.000000
     0.000000
      78.6520      224.699      43521.3     0.000000     0.000000     0.000000
     0.000000
      93.3061      340.185      42670.1     0.000000     0.000000     0.000000
     0.000000
      181.422      158.919      42212.9     0.000000     0.000000     0.000000
     0.000000
      196.592      280.650      41965.6     0.000000     0.000000     0.000000
     0.000000
      84.1532      66.5267      41632.9     0.000000     0.000000     0.000000
     0.000000
      280.767      87.3626      41607.4     0.000000     0.000000     0.000000
     0.000000
      271.622      166.118      41468.1     0.000000     0.000000     0.000000
     0.000000
      13.6983      304.871      41131.6     0.000000     0.000000     0.000000
     0.000000
      48.1051      227.197      40753.8     0.000000     0.000000     0.000000
     0.000000
      20.1975      354.705      40607.0     0.000000     0.000000     0.000000
     0.000000
      345.646      132.836      40481.6     0.000000     0.000000     0.000000
     0.000000
      183.484      238.597      40418.5     0.000000     0.000000     0.000000
     0.000000
      238.737      121.789      40295.7     0.000000     0.000000     0.000000
     0.000000
      263.596      281.672      40224.8     0.000000     0.000000     0.000000
     0.000000
      162.429      177.789      40063.9     0.000000     0.000000     0.000000
     0.000000
      95.0396      86.2365      40052.7     0.000000     0.000000     0.000000
     0.000000
      354.378      190.422      39998.6     0.000000     0.000000     0.000000
     0.000000
      114.971      15.8472      39566.9     0.000000     0.000000     0.000000
     0.000000
      26.5936      16.1287      39319.5     0.000000     0.000000     0.000000
     0.000000
      77.1282      249.081      39219.6     0.000000     0.000000     0.000000
     0.000000
      306.809      9.47797      38975.8     0.000000     0.000000     0.000000
     0.000000
      83.0219      60.7900      38736.6     0.000000     0.000000     0.000000
     0.000000
      137.099      162.847      38704.7     0.000000     0.000000     0.000000
     0.000000
      64.8679      167.281      38437.0     0.000000     0.000000     0.000000
     0.000000
      211.216      148.011      38358.8     0.000000     0.000000     0.000000
     0.000000
      40.9717      155.190      38339.0     0.000000     0.000000     0.000000
     0.000000
      182.266      28.3910      38258.6     0.000000     0.000000     0.000000
     0.000000
      244.444      255.625      38151.2     0.000000     0.000000     0.000000
     0.000000
      32.2430      98.1823      38130.0     0.000000     0.000000     0.000000
     0.000000
      143.451      292.529      38101.9     0.000000     0.000000     0.000000
     0.000000
      180.375      259.875      37821.1     0.000000     0.000000     0.000000
     0.000000
      107.606      156.024      37788.5     0.000000     0.000000     0.000000
     0.000000
      210.998      81.1154      37774.4     0.000000     0.000000     0.000000
     0.000000
      340.622      133.712      37698.4     0.000000     0.000000     0.000000
     0.000000
      197.761      163.981      37594.1     0.000000     0.000000     0.000000
     0.000000
      93.8015      156.494      37421.5     0.000000     0.000000     0.000000
     0.000000
      260.590      350.815      37192.3     0.000000     0.000000     0.000000
     0.000000
      317.750      64.7870      37074.9     0.000000     0.000000     0.000000
     0.000000
      70.4437      190.468      37004.9     0.000000     0.000000     0.000000
     0.000000
      221.623      90.9939      36930.1     0.000000     0.000000     0.000000
     0.000000
      128.444      186.987      36916.6     0.000000     0.000000     0.000000
     0.000000
      26.0331      290.122      36763.0     0.000000     0.000000     0.000000
     0.000000
      87.0650      258.033      36545.5     0.000000     0.000000     0.000000
     0.000000
      279.910      342.241      36502.7     0.000000     0.000000     0.000000
     0.000000
      121.926      276.727      36382.9     0.000000     0.000000     0.000000
     0.000000
      265.246      137.480      36338.4     0.000000     0.000000     0.000000
     0.000000
      292.552      86.9713      36232.1     0.000000     0.000000     0.000000
     0.000000
      338.423      108.581      35388.8     0.000000     0.000000     0.000000
     0.000000
      196.687      304.196      35296.3     0.000000     0.000000     0.000000
     0.000000
      148.693      99.0690      35194.9     0.000000     0.000000     0.000000
     0.000000
      158.453      231.067      35136.4     0.000000     0.000000     0.000000
     0.000000
      300.064      115.489      35068.0     0.000000     0.000000     0.000000
     0.000000
      15.3618      355.783      34731.0     0.000000     0.000000     0.000000
     0.000000
      259.877      313.889      34655.6     0.000000     0.000000     0.000000
     0.000000
      344.235      60.4770      34556.6     0.000000     0.000000     0.000000
     0.000000
      171.975      216.563      34190.5     0.000000     0.000000     0.000000
     0.000000
      255.588      17.8280      34086.0     0.000000     0.000000     0.000000
     0.000000
      141.199      363.133      34003.9     0.000000     0.000000     0.000000
     0.000000
      198.494      316.173      33991.7     0.000000     0.000000     0.000000
     0.000000
      14.4216      269.120      33928.2     0.000000     0.000000     0.000000
     0.000000
      245.228      160.431      33848.2     0.000000     0.000000     0.000000
     0.000000
      359.424      72.3061      33841.2     0.000000     0.000000     0.000000
     0.000000
      11.2306      35.1264      33807.8     0.000000     0.000000     0.000000
     0.000000
      278.206      274.896      33586.8     0.000000     0.000000     0.000000
     0.000000
      12.5086      30.9141      33398.5     0.000000     0.000000     0.000000
     0.000000
      312.332      26.9308      33267.9     0.000000     0.000000     0.000000
     0.000000
      185.655      59.1044      32918.2     0.000000     0.000000     0.000000
     0.000000
      61.2724      190.277      32798.8     0.000000     0.000000     0.000000
     0.000000
      220.191      189.604      32750.6     0.000000     0.000000     0.000000
     0.000000
      127.860      121.978      32729.5     0.000000     0.000000     0.000000
     0.000000
      355.378      252.497      32705.5     0.000000     0.000000     0.000000
     0.000000
      214.552      255.179      32384.5     0.000000     0.000000     0.000000
     0.000000
      57.5893      181.740      32368.8     0.000000     0.000000     0.000000
     0.000000
      14.4280      335.523      32204.1     0.000000     0.000000     0.000000
     0.000000
      21.6336      118.752      31321.7     0.000000     0.000000     0.000000
     0.000000
      162.314      205.696      30852.6     0.000000     0.000000     0.000000
     0.000000
      223.611      243.805      30825.2     0.000000     0.000000     0.000000
     0.000000
      340.626      15.6565      30613.5     0.000000     0.000000     0.000000
     0.000000
      255.144      184.321      30606.3     0.000000     0.000000     0.000000
     0.000000
      150.121      63.3999      30459.8     0.000000     0.000000     0.000000
     0.000000
      233.868      252.369      30407.8     0.000000     0.000000     0.000000
     0.000000
      91.4964      11.0882      30184.1     0.000000     0.000000     0.000000
     0.000000
      140.221      260.644      30161.7     0.000000     0.000000     0.000000
     0.000000
      285.664      310.042      30151.7     0.000000     0.000000     0.000000
     0.000000
      83.0180      341.710      30018.8     0.000000     0.000000     0.000000
     0.000000
      259.472      335.211      29964.9     0.000000     0.000000     0.000000
     0.000000
      104.117      221.599      29905.0     0.000000     0.000000     0.000000
     0.000000
      158.391      195.846      29880.7     0.000000     0.000000     0.000000
     0.000000
      194.507      176.202      29819.0     0.000000     0.000000     0.000000
     0.000000
      47.3849      327.727      29782.1     0.000000     0.000000     0.000000
     0.000000
      223.476      102.402      29754.3     0.000000     0.000000     0.000000
     0.000000
      238.197      4.73843      29652.0     0.000000     0.000000     0.000000
     0.000000
      86.1274      125.202      29535.9     0.000000     0.000000     0.000000
     0.000000
      218.689      39.0515      29162.9     0.000000     0.000000     0.000000
     0.000000
      103.693      162.297      29135.5     0.000000     0.000000     0.000000
     0.000000
      178.188      153.348      28962.6     0.000000     0.000000     0.000000
     0.000000
      76.0960      337.107      28841.5     0.000000     0.000000     0.000000
     0.000000
      279.589      313.014      28506.7     0.000000     0.000000     0.000000
     0.000000
      152.271      293.573      28390.0     0.000000     0.000000     0.000000
     0.000000
      188.247      256.592      28375.0     0.000000     0.000000     0.000000
     0.000000
      354.740      209.341      28323.1     0.000000     0.000000     0.000000
     0.000000
      193.396      114.306      28163.6     0.000000     0.000000     0.000000
     0.000000
      334.937      23.8380      28114.4     0.000000     0.000000     0.000000
     0.000000
      24.7114      292.980      27856.0     0.000000     0.000000     0.000000
     0.000000
      156.112      316.887      27722.5     0.000000     0.000000     0.000000
     0.000000
      209.919      209.652      27519.5     0.000000     0.000000     0.000000
     0.000000
      280.987      171.985      27475.0     0.000000     0.000000     0.000000
     0.000000
      143.491      296.094      27402.2     0.000000     0.000000     0.000000
     0.000000
      297.004      322.017      27159.2     0.000000     0.000000     0.000000
     0.000000
      61.5556      102.870      27043.6     0.000000     0.000000     0.000000
     0.000000
      328.340      320.377      27039.4     0.000000     0.000000     0.000000
     0.000000
      190.481      154.634      27030.4     0.000000     0.000000     0.000000
     0.000000
      342.294      54.8700      26940.8     0.000000     0.000000     0.000000
     0.000000
      37.8107      29.3057      26879.3     0.000000     0.000000     0.000000
     0.000000
      246.564      238.117      26846.3     0.000000     0.000000     0.000000
     0.000000
      64.6574      259.351      26589.7     0.000000     0.000000     0.000000
     0.000000
      280.739      212.330      26546.6     0.000000     0.000000     0.000000
     0.000000
      54.7320      320.027      26357.3     0.000000     0.000000     0.000000
     0.000000
      141.126      125.049      26310.2     0.000000     0.000000     0.000000
     0.000000
      314.045      320.963      26281.7     0.000000     0.000000     0.000000
     0.000000
      122.404      229.985      26176.5     0.000000     0.000000     0.000000
     0.000000
      232.309      157.823      26172.8     0.000000     0.000000     0.000000
     0.000000
      133.826      56.8797      26135.3     0.000000     0.000000     0.000000
     0.000000
      251.216      339.756      26089.7     0.000000     0.000000     0.000000
     0.000000
      248.913      178.616      26077.4     0.000000     0.000000     0.000000
     0.000000
      183.376      354.064      26073.6     0.000000     0.000000     0.000000
     0.000000
      165.715      273.441      26047.2     0.000000     0.000000     0.000000
     0.000000
      150.352      177.678      25951.7     0.000000     0.000000     0.000000
     0.000000
      313.176      331.037      25901.4     0.000000     0.000000     0.000000
     0.000000
      270.414      49.7428      25779.4     0.000000     0.000000     0.000000
     0.000000
      73.8670      60.6083      25582.7     0.000000     0.000000     0.000000
     0.000000
      355.293      350.701      25541.3     0.000000     0.000000     0.000000
     0.000000
      262.530      141.016      25468.6     0.000000     0.000000     0.000000
     0.000000
      255.002      111.344      25217.2     0.000000     0.000000     0.000000
     0.000000
      289.411      71.4270      25216.9     0.000000     0.000000     0.000000
     0.000000
      219.648      180.555      24981.3     0.000000     0.000000     0.000000
     0.000000
      175.428      132.120      24967.6     0.000000     0.000000     0.000000
     0.000000
      125.422      289.734      24945.9     0.000000     0.000000     0.000000
     0.000000
      183.006      123.685      24945.5     0.000000     0.000000     0.000000
     0.000000
      176.200      116.606      24915.3     0.000000     0.000000     0.000000
     0.000000
      291.452      243.735      24911.3     0.000000     0.000000     0.000000
     0.000000
      326.645      303.884      24786.9     0.000000     0.000000     0.000000
     0.000000
      214.429      143.610      24659.9     0.000000     0.000000     0.000000
     0.000000
      311.426      47.9050      24614.0     0.000000     0.000000     0.000000
     0.000000
      98.3522      320.341      24601.9     0.000000     0.000000     0.000000
     0.000000
      220.412      139.228      24593.1     0.000000     0.000000     0.000000
     0.000000
      42.7167      59.2701      24578.4     0.000000     0.000000     0.000000
     0.000000
      107.204      289.952      24508.6     0.000000     0.000000     0.000000
     0.000000
      46.9480      118.741      24437.0     0.000000     0.000000     0.000000
     0.000000
      159.269      55.3080      24427.0     0.000000     0.000000     0.000000
     0.000000
      170.868      74.5069      24309.4     0.000000     0.000000     0.000000
     0.000000
      168.355      155.541      24229.1     0.000000     0.000000     0.000000
     0.000000
      306.077      303.947      23994.5     0.000000     0.000000     0.000000
     0.000000
      232.098      108.789      23993.4     0.000000     0.000000     0.000000
     0.000000
      136.224      253.386      23847.3     0.000000     0.000000     0.000000
     0.000000
      276.501      30.7327      23746.8     0.000000     0.000000     0.000000
     0.000000
      273.140      298.849      23502.5     0.000000     0.000000     0.000000
     0.000000
      262.615      40.7531      23376.4     0.000000     0.000000     0.000000
     0.000000
      21.2239      153.017      23342.0     0.000000     0.000000     0.000000
     0.000000
      357.514      138.104      23264.1     0.000000     0.000000     0.000000
     0.000000
      340.214      29.6600      23083.4     0.000000     0.000000     0.000000
     0.000000
      139.031      303.849      23011.2     0.000000     0.000000     0.000000
     0.000000
      127.348      191.829      22954.2     0.000000     0.000000     0.000000
     0.000000
      241.219      266.692      22941.1     0.000000     0.000000     0.000000
     0.000000
      170.164      68.4117      22927.0     0.000000     0.000000     0.000000
     0.000000
      242.757      102.877      22885.0     0.000000     0.000000     0.000000
     0.000000
      346.583      148.389      22865.2     0.000000     0.000000     0.000000
     0.000000
      196.090      346.828      22838.0     0.000000     0.000000     0.000000
     0.000000
      123.187      21.0655      22802.1     0.000000     0.000000     0.000000
     0.000000
      218.130      205.490      22747.1     0.000000     0.000000     0.000000
     0.000000
      129.180      235.133      22601.7     0.000000     0.000000     0.000000
     0.000000
      323.108      7.16255      22454.3     0.000000     0.000000     0.000000
     0.000000
      161.937      162.696      22281.2     0.000000     0.000000     0.000000
     0.000000
      342.856      196.480      22150.8     0.000000     0.000000     0.000000
     0.000000
      245.465      153.179      22044.6     0.000000     0.000000     0.000000
     0.000000
      262.846      119.758      21830.1     0.000000     0.000000     0.000000
     0.000000
      247.060      44.7340      21737.1     0.000000     0.000000     0.000000
     0.000000
      14.6492      242.304      21586.9     0.000000     0.000000     0.000000
     0.000000
      305.187      298.337      21354.4     0.000000     0.000000     0.000000
     0.000000
      136.872      92.1575      21351.5     0.000000     0.000000     0.000000
     0.000000
      243.913      241.775      21328.0     0.000000     0.000000     0.000000
     0.000000
      61.8279      334.386      21259.3     0.000000     0.000000     0.000000
     0.000000
      316.777      211.091      21234.2     0.000000     0.000000     0.000000
     0.000000
      5.01734      304.795      21216.3     0.000000     0.000000     0.000000
     0.000000
      229.980      73.8202      21105.5     0.000000     0.000000     0.000000
     0.000000
      45.3229      129.853      21087.7     0.000000     0.000000     0.000000
     0.000000
      305.763      76.3401      20793.4     0.000000     0.000000     0.000000
     0.000000
      144.351      350.475      20430.6     0.000000     0.000000     0.000000
     0.000000
      312.433      208.532      20342.0     0.000000     0.000000     0.000000
     0.000000
      217.491      36.1401      20095.0     0.000000     0.000000     0.000000
     0.000000
      234.536      101.352      20022.5     0.000000     0.000000     0.000000
     0.000000
      66.6876      14.9143      20022.5     0.000000     0.000000     0.000000
     0.000000
      239.775      184.169      19979.0     0.000000     0.000000     0.000000
     0.000000
      207.392      300.690      19873.1     0.000000     0.000000     0.000000
     0.000000
      285.473      86.7142      19870.3     0.000000     0.000000     0.000000
     0.000000
      103.209      329.003      19788.0     0.000000     0.000000     0.000000
     0.000000
      144.329      5.52987      19689.5     0.000000     0.000000     0.000000
     0.000000
      163.591      48.8786      19684.6     0.000000     0.000000     0.000000
     0.000000
      41.1080      347.128      19634.7     0.000000     0.000000     0.000000
     0.000000
      265.919      176.901      19627.3     0.000000     0.000000     0.000000
     0.000000
      3.01452      70.8604      19596.9     0.000000     0.000000     0.000000
     0.000000
      45.7414      212.730      19592.9     0.000000     0.000000     0.000000
     0.000000
      245.358      361.263      19494.8     0.000000     0.000000     0.000000
     0.000000
      129.773      175.180      19375.8     0.000000     0.000000     0.000000
     0.000000
      193.050      236.955      19369.1     0.000000     0.000000     0.000000
     0.000000
      255.570      133.309      19365.4     0.000000     0.000000     0.000000
     0.000000
      349.580      288.906      19270.6     0.000000     0.000000     0.000000
     0.000000
      212.150      126.407      19262.1     0.000000     0.000000     0.000000
     0.000000
      284.457      50.2993      19110.8     0.000000     0.000000     0.000000
     0.000000
      108.445      343.947      19101.5     0.000000     0.000000     0.000000
     0.000000
      98.5429      75.6392      19093.8     0.000000     0.000000     0.000000
     0.000000
      243.557      29.4193      18852.6     0.000000     0.000000     0.000000
     0.000000
      41.2816      282.126      18554.4     0.000000     0.000000     0.000000
     0.000000
      252.426      363.544      18528.4     0.000000     0.000000     0.000000
     0.000000
      303.026      44.1925      18521.4     0.000000     0.000000     0.000000
     0.000000
      52.4907      278.827      18517.0     0.000000     0.000000     0.000000
     0.000000
      80.0980      104.970      18348.4     0.000000     0.000000     0.000000
     0.000000
      104.881      127.866      18244.3     0.000000     0.000000     0.000000
     0.000000
      44.3451      255.037      18238.5     0.000000     0.000000     0.000000
     0.000000
      131.637      122.596      18158.9     0.000000     0.000000     0.000000
     0.000000
      83.7545      59.7327      18156.9     0.000000     0.000000     0.000000
     0.000000
      80.2236      239.321      18130.3     0.000000     0.000000     0.000000
     0.000000
      317.533      47.1217      18119.6     0.000000     0.000000     0.000000
     0.000000
      145.036      140.407      17989.1     0.000000     0.000000     0.000000
     0.000000
      141.051      298.051      17982.8     0.000000     0.000000     0.000000
     0.000000
      156.464      319.885      17979.6     0.000000     0.000000     0.000000
     0.000000
      209.453      326.082      17946.1     0.000000     0.000000     0.000000
     0.000000
      307.757      229.041      17879.8     0.000000     0.000000     0.000000
     0.000000
      266.524      99.1295      17779.1     0.000000     0.000000     0.000000
     0.000000
      289.194      129.046      17714.1     0.000000     0.000000     0.000000
     0.000000
      93.9559      222.648      17696.6     0.000000     0.000000     0.000000
     0.000000
      160.844      104.638      17464.8     0.000000     0.000000     0.000000
     0.000000
      133.751      51.1189      17409.9     0.000000     0.000000     0.000000
     0.000000
      116.573      303.190      17376.9     0.000000     0.000000     0.000000
     0.000000
      87.7180      49.7890      17363.9     0.000000     0.000000     0.000000
     0.000000
      350.731      48.4579      17213.3     0.000000     0.000000     0.000000
     0.000000
      137.892      58.0751      16926.9     0.000000     0.000000     0.000000
     0.000000
      323.030      59.8720      16855.2     0.000000     0.000000     0.000000
     0.000000
      32.3589      338.198      16854.7     0.000000     0.000000     0.000000
     0.000000
      9.42043      273.939      16851.0     0.000000     0.000000     0.000000
     0.000000
      302.530      311.379      16790.2     0.000000     0.000000     0.000000
     0.000000
      48.4972      292.222      16781.3     0.000000     0.000000     0.000000
     0.000000
      283.278      14.4937      16676.5     0.000000     0.000000     0.000000
     0.000000
      46.3838      261.815      16664.5     0.000000     0.000000     0.000000
     0.000000
      88.9964      85.2222      16607.6     0.000000     0.000000     0.000000
     0.000000
      359.077      74.4421      16590.0     0.000000     0.000000     0.000000
     0.000000
      19.4328      83.3369      16540.7     0.000000     0.000000     0.000000
     0.000000
      152.302      28.6130      16520.8     0.000000     0.000000     0.000000
     0.000000
      223.018      76.2170      16514.7     0.000000     0.000000     0.000000
     0.000000
      316.030      77.9975      16510.2     0.000000     0.000000     0.000000
     0.000000
      138.917      160.170      16484.3     0.000000     0.000000     0.000000
     0.000000
      223.953      12.3861      16482.4     0.000000     0.000000     0.000000
     0.000000
      214.474      271.793      16481.6     0.000000     0.000000     0.000000
     0.000000
      78.1325      205.277      16481.3     0.000000     0.000000     0.000000
     0.000000
      235.625      52.7153      16471.8     0.000000     0.000000     0.000000
     0.000000
      354.783      139.073      16457.8     0.000000     0.000000     0.000000
     0.000000
      3.56808      198.879      16424.3     0.000000     0.000000     0.000000
     0.000000
      168.668      14.9409      16395.3     0.000000     0.000000     0.000000
     0.000000
      245.260      133.896      16380.6     0.000000     0.000000     0.000000
     0.000000
      301.882      353.278      16377.0     0.000000     0.000000     0.000000
     0.000000
      139.618      291.032      16321.1     0.000000     0.000000     0.000000
     0.000000
      165.128      297.489      16320.5     0.000000     0.000000     0.000000
     0.000000
      122.781      239.530      16265.7     0.000000     0.000000     0.000000
     0.000000
      188.373      64.3559      16263.2     0.000000     0.000000     0.000000
     0.000000
      177.580      235.027      16250.7     0.000000     0.000000     0.000000
     0.000000
      32.4557      306.842      16226.1     0.000000     0.000000     0.000000
     0.000000
      164.661      168.512      16198.5     0.000000     0.000000     0.000000
     0.000000
      262.112      211.318      16193.5     0.000000     0.000000     0.000000
     0.000000
      147.116      327.635      16180.3     0.000000     0.000000     0.000000
     0.000000
      102.228      72.9018      16147.2     0.000000     0.000000     0.000000
     0.000000
      306.166      263.748      16089.4     0.000000     0.000000     0.000000
     0.000000
      52.4548      171.662      16079.3     0.000000     0.000000     0.000000
     0.000000
      358.891      189.852      16043.8     0.000000     0.000000     0.000000
     0.000000
      253.507      229.634      16041.5     0.000000     0.000000     0.000000
     0.000000
      164.988      279.357      16041.2     0.000000     0.000000     0.000000
     0.000000
      128.062      338.965      15973.2     0.000000     0.000000     0.000000
     0.000000
      172.024      74.8392      15963.1     0.000000     0.000000     0.000000
     0.000000
      167.933      188.467      15961.1     0.000000     0.000000     0.000000
     0.000000
      350.253      289.588      15956.4     0.000000     0.000000     0.000000
     0.000000
      363.672      203.275      15932.4     0.000000     0.000000     0.000000
     0.000000
      129.272      93.8611      15904.2     0.000000     0.000000     0.000000
     0.000000
      234.879      123.706      15904.1     0.000000     0.000000     0.000000
     0.000000
      23.2646      210.800      15896.7     0.000000     0.000000     0.000000
     0.000000
      209.357      241.943      15882.7     0.000000     0.000000     0.000000
     0.000000
      180.687      117.996      15872.5     0.000000     0.000000     0.000000
     0.000000
      336.864      75.7837      15860.1     0.000000     0.000000     0.000000
     0.000000
      308.564      307.915      15824.9     0.000000     0.000000     0.000000
     0.000000
      224.627      296.561      15812.1     0.000000     0.000000     0.000000
     0.000000
      181.376      224.835      15749.0     0.000000     0.000000     0.000000
     0.000000
      138.004      248.014      15697.7     0.000000     0.000000     0.000000
     0.000000
      148.405      208.206      15648.6     0.000000     0.000000     0.000000
     0.000000
      43.0012      147.090      15624.2     0.000000     0.000000     0.000000
     0.000000
      55.4895      222.495      15589.3     0.000000     0.000000     0.000000
     0.000000
      138.836      206.598      15544.2     0.000000     0.000000     0.000000
     0.000000
      64.8731      72.5455      15533.4     0.000000     0.000000     0.000000
     0.000000
      271.611      227.078      15531.5     0.000000     0.000000     0.000000
     0.000000
      91.9145      103.725      15495.1     0.000000     0.000000     0.000000
     0.000000
      286.411      41.6308      15488.2     0.000000     0.000000     0.000000
     0.000000
      34.2647      312.923      15454.5     0.000000     0.000000     0.000000
     0.000000
      290.567      362.981      15416.5     0.000000     0.000000     0.000000
     0.000000
      360.258      354.323      15388.4     0.000000     0.000000     0.000000
     0.000000
      201.375      213.505      15383.9     0.000000     0.000000     0.000000
     0.000000
      201.298      354.240      15378.6     0.000000     0.000000     0.000000
     0.000000
      195.002      25.7019      15360.8     0.000000     0.000000     0.000000
     0.000000
      71.6831      255.232      15359.9     0.000000     0.000000     0.000000
     0.000000
      174.469      266.665      15340.3     0.000000     0.000000     0.000000
     0.000000
      158.528      317.745      15337.3     0.000000     0.000000     0.000000
     0.000000
      168.200      249.695      15314.3     0.000000     0.000000     0.000000
     0.000000
      310.647      263.492      15264.3     0.000000     0.000000     0.000000
     0.000000
      219.865      24.4243      15258.7     0.000000     0.000000     0.000000
     0.000000
      345.731      55.9484      15249.6     0.000000     0.000000     0.000000
     0.000000
      296.935      156.008      15244.2     0.000000     0.000000     0.000000
     0.000000
      63.8222      105.283      15238.0     0.000000     0.000000     0.000000
     0.000000
      291.241      239.914      15237.0     0.000000     0.000000     0.000000
     0.000000
      361.177      337.150      15235.1     0.000000     0.000000     0.000000
     0.000000
      161.663      116.349      15229.4     0.000000     0.000000     0.000000
     0.000000
      244.247      238.389      15214.8     0.000000     0.000000     0.000000
     0.000000
      194.193      163.689      15150.9     0.000000     0.000000     0.000000
     0.000000
      36.8054      104.885      15141.2     0.000000     0.000000     0.000000
     0.000000
      335.458      241.595      15082.1     0.000000     0.000000     0.000000
     0.000000
      251.383      315.676      15032.2     0.000000     0.000000     0.000000
     0.000000
      205.569      171.467      14991.4     0.000000     0.000000     0.000000
     0.000000
      334.390      332.674      14980.3     0.000000     0.000000     0.000000
     0.000000
      4.37845      242.829      14932.3     0.000000     0.000000     0.000000
     0.000000
      213.486      218.862      14926.5     0.000000     0.000000     0.000000
     0.000000
      11.6138      188.180      14915.5     0.000000     0.000000     0.000000
     0.000000
      62.7144      111.802      14906.5     0.000000     0.000000     0.000000
     0.000000
      341.116      122.965      14904.4     0.000000     0.000000     0.000000
     0.000000
      167.098      201.155      14879.8     0.000000     0.000000     0.000000
     0.000000
      119.749      258.761      14867.7     0.000000     0.000000     0.000000
     0.000000
      141.900      174.599      14859.6     0.000000     0.000000     0.000000
     0.000000
      76.6127      189.811      14852.7     0.000000     0.000000     0.000000
     0.000000
      306.080      36.0436      14843.5     0.000000     0.000000     0.000000
     0.000000
      149.521      114.137      14827.3     0.000000     0.000000     0.000000
     0.000000
      62.8410      93.3785      14818.4     0.000000     0.000000     0.000000
     0.000000
      65.2576      150.670      14817.8     0.000000     0.000000     0.000000
     0.000000
      192.994      235.970      14812.7     0.000000     0.000000     0.000000
     0.000000
      24.7471      67.3128      14800.1     0.000000     0.000000     0.000000
     0.000000
      352.101      307.515      14763.7     0.000000     0.000000     0.000000
     0.000000
      246.477      140.334      14759.9     0.000000     0.000000     0.000000
     0.000000
      192.727      123.419      14728.5     0.000000     0.000000     0.000000
     0.000000
      31.2353      69.5522      14725.5     0.000000     0.000000     0.000000
     0.000000
      106.922      61.6365      14697.9     0.000000     0.000000     0.000000
     0.000000
      123.972      120.534      14677.2     0.000000     0.000000     0.000000
     0.000000
      347.941      234.537      14637.1     0.000000     0.000000     0.000000
     0.000000
      3.60083      167.327      14623.2     0.000000     0.000000     0.000000
     0.000000
      16.6035      61.7953      14620.6     0.000000     0.000000     0.000000
     0.000000
      321.528      121.160      14609.6     0.000000     0.000000     0.000000
     0.000000
      130.912      105.016      14597.9     0.000000     0.000000     0.000000
     0.000000
      65.3000      39.6274      14567.7     0.000000     0.000000     0.000000
     0.000000
      297.005      220.434      14561.1     0.000000     0.000000     0.000000
     0.000000
      18.1205      82.5609      14554.5     0.000000     0.000000     0.000000
     0.000000
      69.7734      245.039      14532.6     0.000000     0.000000     0.000000
     0.000000
      204.297      199.394      14505.1     0.000000     0.000000     0.000000
     0.000000
      94.8972      14.2587      14481.6     0.000000     0.000000     0.000000
     0.000000
      63.3900      138.389      14448.9     0.000000     0.000000     0.000000
     0.000000
      234.641      358.762      14448.7     0.000000     0.000000     0.000000
     0.000000
      358.741      327.191      14407.8     0.000000     0.000000     0.000000
     0.000000
      349.905      62.7117      14396.1     0.000000     0.000000     0.000000
     0.000000
      22.7864      87.4560      14391.4     0.000000     0.000000     0.000000
     0.000000
      230.120      339.082      14390.1     0.000000     0.000000     0.000000
     0.000000
      108.111      321.511      14373.6     0.000000     0.000000     0.000000
     0.000000
      317.026      276.578      14356.8     0.000000     0.000000     0.000000
     0.000000
      272.134      337.203      14335.5     0.000000     0.000000     0.000000
     0.000000
      180.295      97.3230      14329.0     0.000000     0.000000     0.000000
     0.000000
      281.363      326.638      14265.0     0.000000     0.000000     0.000000
     0.000000
      227.063      311.070      14255.6     0.000000     0.000000     0.000000
     0.000000
      183.418      258.732      14254.3     0.000000     0.000000     0.000000
     0.000000
      56.3467      286.487      14240.1     0.000000     0.000000     0.000000
     0.000000
      283.491      28.8608      14220.0     0.000000     0.000000     0.000000
     0.000000
      199.402      279.639      14204.6     0.000000     0.000000     0.000000
     0.000000
      344.018      302.872      14203.2     0.000000     0.000000     0.000000
     0.000000
      362.073      85.5142      14187.5     0.000000     0.000000     0.000000
     0.000000
      63.8054      71.4535      14186.8     0.000000     0.000000     0.000000
     0.000000
      21.7488      355.081      14132.3     0.000000     0.000000     0.000000
     0.000000
      191.489      321.967      14125.4     0.000000     0.000000     0.000000
     0.000000
      201.271      147.150      14124.7     0.000000     0.000000     0.000000
     0.000000
      251.122      111.121      14123.2     0.000000     0.000000     0.000000
     0.000000
      222.080      273.185      14113.5     0.000000     0.000000     0.000000
     0.000000
      331.818      105.101      14108.4     0.000000     0.000000     0.000000
     0.000000
      88.1360      294.219      14081.4     0.000000     0.000000     0.000000
     0.000000
      200.960      198.588      14062.9     0.000000     0.000000     0.000000
     0.000000
      251.984      283.924      14059.0     0.000000     0.000000     0.000000
     0.000000
      138.533      353.062      14052.4     0.000000     0.000000     0.000000
     0.000000
      256.849      328.732      14044.8     0.000000     0.000000     0.000000
     0.000000
      111.828      241.685      14041.4     0.000000     0.000000     0.000000
     0.000000
      126.877      90.7269      14037.3     0.000000     0.000000     0.000000
     0.000000
      243.825      42.6837      14036.3     0.000000     0.000000     0.000000
     0.000000
      347.499      78.8332      14031.4     0.000000     0.000000     0.000000
     0.000000
      29.3669      256.523      14025.3     0.000000     0.000000     0.000000
     0.000000
      199.751      150.531      13989.7     0.000000     0.000000     0.000000
     0.000000
      150.995      272.232      13966.1     0.000000     0.000000     0.000000
     0.000000
      203.903      142.845      13905.4     0.000000     0.000000     0.000000
     0.000000
      166.491      62.0418      13870.6     0.000000     0.000000     0.000000
     0.000000
      176.796      328.800      13868.2     0.000000     0.000000     0.000000
     0.000000
      170.432      98.9300      13842.3     0.000000     0.000000     0.000000
     0.000000
      130.904      139.211      13839.8     0.000000     0.000000     0.000000
     0.000000
      144.127      50.9461      13831.6     0.000000     0.000000     0.000000
     0.000000
      72.1932      342.729      13821.6     0.000000     0.000000     0.000000
     0.000000
      61.3450      361.764      13801.0     0.000000     0.000000     0.000000
     0.000000
      140.029      161.223      13781.2     0.000000     0.000000     0.000000
     0.000000
      236.984      14.6743      13755.7     0.000000     0.000000     0.000000
     0.000000
      105.077      335.650      13703.9     0.000000     0.000000     0.000000
     0.000000
      325.066      194.209      13689.6     0.000000     0.000000     0.000000
     0.000000
      29.3006      215.859      13669.1     0.000000     0.000000     0.000000
     0.000000
      32.8177      62.4512      13665.8     0.000000     0.000000     0.000000
     0.000000
      266.401      99.9594      13658.5     0.000000     0.000000     0.000000
     0.000000
      211.166      312.198      13620.0     0.000000     0.000000     0.000000
     0.000000
      93.5192      105.553      13600.6     0.000000     0.000000     0.000000
     0.000000
      45.2959      81.0646      13587.3     0.000000     0.000000     0.000000
     0.000000
      288.607      351.075      13583.5     0.000000     0.000000     0.000000
     0.000000
      181.065      54.7112      13570.8     0.000000     0.000000     0.000000
     0.000000
      147.589      201.483      13567.4     0.000000     0.000000     0.000000
     0.000000
      202.244      199.902      13561.9     0.000000     0.000000     0.000000
     0.000000
      262.522      178.621      13515.2     0.000000     0.000000     0.000000
     0.000000
      248.962      152.616      13502.7     0.000000     0.000000     0.000000
     0.000000
      352.888      357.563      13500.1     0.000000     0.000000     0.000000
     0.000000
      213.718      302.877      13470.8     0.000000     0.000000     0.000000
     0.000000
      149.837      113.488      13460.0     0.000000     0.000000     0.000000
     0.000000
      189.020      138.238      13445.2     0.000000     0.000000     0.000000
     0.000000
      249.078      108.727      13444.3     0.000000     0.000000     0.000000
     0.000000
      294.594      208.276      13404.0     0.000000     0.000000     0.000000
     0.000000
      75.3453      333.563      13380.6     0.000000     0.000000     0.000000
     0.000000
      92.1763      151.808      13355.2     0.000000     0.000000     0.000000
     0.000000
      130.025      62.1811      13343.6     0.000000     0.000000     0.000000
     0.000000
      363.235      123.166      13310.2     0.000000     0.000000     0.000000
     0.000000
      7.02267      98.4354      13292.4     0.000000     0.000000     0.000000
     0.000000
      300.030      32.7445      13276.7     0.000000     0.000000     0.000000
     0.000000
      142.064      18.6700      13266.9     0.000000     0.000000     0.000000
     0.000000
      206.554      35.7591      13243.2     0.000000     0.000000     0.000000
     0.000000
      154.639      316.345      13235.1     0.000000     0.000000     0.000000
     0.000000
      189.662      60.7627      13227.4     0.000000     0.000000     0.000000
     0.000000
      10.8179      250.801      13220.2     0.000000     0.000000     0.000000
     0.000000
      174.230      175.471      13207.5     0.000000     0.000000     0.000000
     0.000000
      296.718      280.390      13149.6     0.000000     0.000000     0.000000
     0.000000
      306.943      244.012      13145.3     0.000000     0.000000     0.000000
     0.000000
      170.516      49.9658      13140.1     0.000000     0.000000     0.000000
     0.000000
      287.901      24.3702      13130.4     0.000000     0.000000     0.000000
     0.000000
      337.564      277.880      13118.5     0.000000     0.000000     0.000000
     0.000000
      77.8025      240.561      13113.7     0.000000     0.000000     0.000000
     0.000000
      238.540      185.863      13109.5     0.000000     0.000000     0.000000
     0.000000
      214.278      252.369      13075.2     0.000000     0.000000     0.000000
     0.000000
      106.459      289.293      13067.1     0.000000     0.000000     0.000000
     0.000000
      78.3597      109.804      13064.1     0.000000     0.000000     0.000000
     0.000000
      205.993      356.052      13062.6     0.000000     0.000000     0.000000
     0.000000
      359.209      334.555      13027.5     0.000000     0.000000     0.000000
     0.000000
      331.500      146.132      13022.4     0.000000     0.000000     0.000000
     0.000000
      354.290      97.9034      13014.3     0.000000     0.000000     0.000000
     0.000000
      171.987      4.87055      13012.6     0.000000     0.000000     0.000000
     0.000000
      185.807      324.935      12929.9     0.000000     0.000000     0.000000
     0.000000
      232.712      336.225      12910.3     0.000000     0.000000     0.000000
     0.000000
      236.602      287.362      12874.8     0.000000     0.000000     0.000000
     0.000000
      46.3189      10.3655      12847.5     0.000000     0.000000     0.000000
     0.000000
      357.498      154.141      12795.4     0.000000     0.000000     0.000000
     0.000000
      304.459      344.493      12771.7     0.000000     0.000000     0.000000
     0.000000
      34.3393      248.134      12766.2     0.000000     0.000000     0.000000
     0.000000
      349.093      18.0188      12753.9     0.000000     0.000000     0.000000
     0.000000
      327.095      68.1273      12752.3     0.000000     0.000000     0.000000
     0.000000
      139.162      283.033      12739.8     0.000000     0.000000     0.000000
     0.000000
      36.9341      344.077      12716.8     0.000000     0.000000     0.000000
     0.000000
      133.703      218.410      12697.8     0.000000     0.000000     0.000000
     0.000000
      214.902      274.618      12679.1     0.000000     0.000000     0.000000
     0.000000
      316.714      300.312      12660.2     0.000000     0.000000     0.000000
     0.000000
      298.096      264.712      12645.9     0.000000     0.000000     0.000000
     0.000000
      152.851      363.386      12645.7     0.000000     0.000000     0.000000
     0.000000
      306.643      168.527      12587.3     0.000000     0.000000     0.000000
     0.000000
      216.967      327.614      12585.2     0.000000     0.000000     0.000000
     0.000000
      284.660      351.667      12571.5     0.000000     0.000000     0.000000
     0.000000
      42.3146      165.977      12543.2     0.000000     0.000000     0.000000
     0.000000
      158.357      220.813      12527.9     0.000000     0.000000     0.000000
     0.000000
      153.702      257.090      12492.0     0.000000     0.000000     0.000000
     0.000000
      313.976      153.479      12473.8     0.000000     0.000000     0.000000
     0.000000
      148.738      252.439      12422.9     0.000000     0.000000     0.000000
     0.000000
      326.491      270.312      12413.9     0.000000     0.000000     0.000000
     0.000000
      156.401      267.468      12409.7     0.000000     0.000000     0.000000
     0.000000
      297.961      269.814      12406.8     0.000000     0.000000     0.000000
     0.000000
      121.527      229.707      12373.6     0.000000     0.000000     0.000000
     0.000000
      55.7035      85.5249      12286.2     0.000000     0.000000     0.000000
     0.000000
      348.916      88.4967      12284.8     0.000000     0.000000     0.000000
     0.000000
      96.4374      231.709      12284.0     0.000000     0.000000     0.000000
     0.000000
      300.548      154.692      12256.9     0.000000     0.000000     0.000000
     0.000000
      160.314      13.0360      12218.8     0.000000     0.000000     0.000000
     0.000000
      219.159      138.652      12211.3     0.000000     0.000000     0.000000
     0.000000
      248.748      76.2700      12198.8     0.000000     0.000000     0.000000
     0.000000
      20.4236      234.168      12198.2     0.000000     0.000000     0.000000
     0.000000
      31.4977      286.610      12175.5     0.000000     0.000000     0.000000
     0.000000
      243.974      278.342      12151.7     0.000000     0.000000     0.000000
     0.000000
      103.561      197.281      12130.3     0.000000     0.000000     0.000000
     0.000000
      152.034      122.094      12102.1     0.000000     0.000000     0.000000
     0.000000
      90.5346      9.32374      12085.4     0.000000     0.000000     0.000000
     0.000000
      305.691      194.666      12066.6     0.000000     0.000000     0.000000
     0.000000
      256.903      261.281      12047.2     0.000000     0.000000     0.000000
     0.000000
      311.221      81.2428      12035.9     0.000000     0.000000     0.000000
     0.000000
      273.788      297.322      12023.1     0.000000     0.000000     0.000000
     0.000000
      129.700      76.6173      12020.7     0.000000     0.000000     0.000000
     0.000000
      199.615      317.206      12019.1     0.000000     0.000000     0.000000
     0.000000
      115.028      92.0918      12006.0     0.000000     0.000000     0.000000
     0.000000
      287.003      147.767      11966.7     0.000000     0.000000     0.000000
     0.000000
      275.602      343.999      11957.1     0.000000     0.000000     0.000000
     0.000000
      100.723      327.139      11941.4     0.000000     0.000000     0.000000
     0.000000
      266.488      79.2946      11939.1     0.000000     0.000000     0.000000
     0.000000
      353.888      330.321      11889.3     0.000000     0.000000     0.000000
     0.000000
      210.325      49.9941      11853.8     0.000000     0.000000     0.000000
     0.000000
      114.017      57.2840      11840.9     0.000000     0.000000     0.000000
     0.000000
      302.389      179.064      11832.5     0.000000     0.000000     0.000000
     0.000000
      172.789      130.951      11802.4     0.000000     0.000000     0.000000
     0.000000
      254.915      299.850      11800.5     0.000000     0.000000     0.000000
     0.000000
      102.401      13.9669      11772.8     0.000000     0.000000     0.000000
     0.000000
      58.9761      281.184      11749.5     0.000000     0.000000     0.000000
     0.000000
      128.119      61.4088      11736.1     0.000000     0.000000     0.000000
     0.000000
      352.178      208.087      11697.3     0.000000     0.000000     0.000000
     0.000000
      162.070      152.026      11697.0     0.000000     0.000000     0.000000
     0.000000
      7.49861      251.724      11671.1     0.000000     0.000000     0.000000
     0.000000
      168.642      207.709      11644.3     0.000000     0.000000     0.000000
     0.000000
      136.068      121.350      11621.5     0.000000     0.000000     0.000000
     0.000000
      320.275      213.144      11586.3     0.000000     0.000000     0.000000
     0.000000
      227.644      62.5805      11585.6     0.000000     0.000000     0.000000
     0.000000
      78.8221      27.6432      11573.0     0.000000     0.000000     0.000000
     0.000000
      214.251      127.613      11568.7     0.000000     0.000000     0.000000
     0.000000
      163.459      15.5157      11561.8     0.000000     0.000000     0.000000
     0.000000
      61.6744      331.132      11556.6     0.000000     0.000000     0.000000
     0.000000
      264.949      294.568      11520.6     0.000000     0.000000     0.000000
     0.000000
      265.972      107.224      11509.7     0.000000     0.000000     0.000000
     0.000000
      93.5120      254.407      11477.7     0.000000     0.000000     0.000000
     0.000000
      125.181      56.6061      11467.5     0.000000     0.000000     0.000000
     0.000000
      53.8462      190.002      11451.9     0.000000     0.000000     0.000000
     0.000000
      186.376      251.675      11431.4     0.000000     0.000000     0.000000
     0.000000
      64.9942      344.878      11417.0     0.000000     0.000000     0.000000
     0.000000
      123.082      235.587      11390.1     0.000000     0.000000     0.000000
     0.000000
      150.701      210.810      11357.8     0.000000     0.000000     0.000000
     0.000000
      253.085      184.330      11351.2     0.000000     0.000000     0.000000
     0.000000
      253.276      258.162      11328.3     0.000000     0.000000     0.000000
     0.000000
      276.483      268.743      11313.8     0.000000     0.000000     0.000000
     0.000000
      189.279      187.865      11305.3     0.000000     0.000000     0.000000
     0.000000
      215.193      201.435      11265.0     0.000000     0.000000     0.000000
     0.000000
      69.5529      153.028      11248.0     0.000000     0.000000     0.000000
     0.000000
      44.8571      141.318      11246.3     0.000000     0.000000     0.000000
     0.000000
      255.785      257.613      11224.9     0.000000     0.000000     0.000000
     0.000000
      247.608      88.8264      11202.4     0.000000     0.000000     0.000000
     0.000000
      156.177      67.7048      11186.5     0.000000     0.000000     0.000000
     0.000000
      13.5149      239.654      11168.9     0.000000     0.000000     0.000000
     0.000000
      187.392      112.795      11138.0     0.000000     0.000000     0.000000
     0.000000
      14.8975      47.6641      11105.0     0.000000     0.000000     0.000000
     0.000000
      70.7366      188.308      11103.1     0.000000     0.000000     0.000000
     0.000000
      271.378      230.490      11090.4     0.000000     0.000000     0.000000
     0.000000
      168.597      53.0663      11074.7     0.000000     0.000000     0.000000
     0.000000
      285.365      155.739      11057.2     0.000000     0.000000     0.000000
     0.000000
      263.262      200.536      11031.6     0.000000     0.000000     0.000000
     0.000000
      290.855      229.283      11019.5     0.000000     0.000000     0.000000
     0.000000
      21.7265      11.0327      11001.5     0.000000     0.000000     0.000000
     0.000000
      211.312      193.496      10977.8     0.000000     0.000000     0.000000
     0.000000
      354.942      344.677      10969.7     0.000000     0.000000     0.000000
     0.000000
      179.984      250.949      10963.5     0.000000     0.000000     0.000000
     0.000000
      89.9879      102.486      10933.5     0.000000     0.000000     0.000000
     0.000000
      13.4885      49.8407      10925.8     0.000000     0.000000     0.000000
     0.000000
      293.170      296.958      10915.3     0.000000     0.000000     0.000000
     0.000000
      268.678      275.276      10914.3     0.000000     0.000000     0.000000
     0.000000
      11.4741      236.882      10905.5     0.000000     0.000000     0.000000
     0.000000
      216.674      117.140      10900.9     0.000000     0.000000     0.000000
     0.000000
      118.744      317.341      10900.8     0.000000     0.000000     0.000000
     0.000000
      93.5018      139.083      10898.7     0.000000     0.000000     0.000000
     0.000000
      17.3496      250.851      10896.2     0.000000     0.000000     0.000000
     0.000000
      192.690      4.16211      10893.5     0.000000     0.000000     0.000000
     0.000000
      28.9853      267.572      10889.8     0.000000     0.000000     0.000000
     0.000000
      225.422      299.069      10885.0     0.000000     0.000000     0.000000
     0.000000
      11.2046      101.703      10845.9     0.000000     0.000000     0.000000
     0.000000
      299.357      82.8579      10814.0     0.000000     0.000000     0.000000
     0.000000
      338.334      302.286      10798.6     0.000000     0.000000     0.000000
     0.000000
      288.247      291.015      10777.2     0.000000     0.000000     0.000000
     0.000000
      25.2908      249.434      10775.6     0.000000     0.000000     0.000000
     0.000000
      357.118      208.553      10770.1     0.000000     0.000000     0.000000
     0.000000
      107.145      312.038      10762.6     0.000000     0.000000     0.000000
     0.000000
      88.8668      141.845      10754.3     0.000000     0.000000     0.000000
     0.000000
      340.480      270.378      10745.8     0.000000     0.000000     0.000000
     0.000000
      322.660      238.161      10706.5     0.000000     0.000000     0.000000
     0.000000
      261.030      125.355      10705.9     0.000000     0.000000     0.000000
     0.000000
      5.36683      177.624      10684.8     0.000000     0.000000     0.000000
     0.000000
      84.5028      253.255      10636.6     0.000000     0.000000     0.000000
     0.000000
      69.3425      316.810      10602.1     0.000000     0.000000     0.000000
     0.000000
      214.932      127.791      10571.5     0.000000     0.000000     0.000000
     0.000000
      53.2043      143.702      10536.8     0.000000     0.000000     0.000000
     0.000000
      127.327      129.746      10529.5     0.000000     0.000000     0.000000
     0.000000
      199.281      325.606      10518.3     0.000000     0.000000     0.000000
     0.000000
      91.0923      32.7281      10478.6     0.000000     0.000000     0.000000
     0.000000
      290.000      104.865      10455.9     0.000000     0.000000     0.000000
     0.000000
      110.150      39.1507      10432.3     0.000000     0.000000     0.000000
     0.000000
      73.3965      209.015      10425.8     0.000000     0.000000     0.000000
     0.000000
      334.666      82.5704      10415.4     0.000000     0.000000     0.000000
     0.000000
      119.569      103.891      10405.2     0.000000     0.000000     0.000000
     0.000000
      5.51266      129.989      10404.5     0.000000     0.000000     0.000000
     0.000000
      352.328      322.056      10373.6     0.000000     0.000000     0.000000
     0.000000
      118.789      357.245      10365.4     0.000000     0.000000     0.000000
     0.000000
      189.231      338.293      10314.9     0.000000     0.000000     0.000000
     0.000000
      146.456      199.104      10311.6     0.000000     0.000000     0.000000
     0.000000
      275.953      350.132      10297.5     0.000000     0.000000     0.000000
     0.000000
      211.655      119.536      10295.0     0.000000     0.000000     0.000000
     0.000000
      107.430      252.205      10264.6     0.000000     0.000000     0.000000
     0.000000
      298.279      95.8443      10245.1     0.000000     0.000000     0.000000
     0.000000
      73.7256      317.953      10223.7     0.000000     0.000000     0.000000
     0.000000
      241.150      105.953      10203.3     0.000000     0.000000     0.000000
     0.000000
      289.573      235.203      10180.7     0.000000     0.000000     0.000000
     0.000000
      177.092      133.147      10170.5     0.000000     0.000000     0.000000
     0.000000
      66.4591      33.4103      10161.2     0.000000     0.000000     0.000000
     0.000000
      167.121      221.529      10147.7     0.000000     0.000000     0.000000
     0.000000
      150.614      217.315      10116.1     0.000000     0.000000     0.000000
     0.000000
      349.168      220.736      10114.9     0.000000     0.000000     0.000000
     0.000000
      189.201      327.360      10105.4     0.000000     0.000000     0.000000
     0.000000
      356.941      292.278      10071.5     0.000000     0.000000     0.000000
     0.000000
      159.444      350.615      10066.7     0.000000     0.000000     0.000000
     0.000000
      153.628      37.9686      10030.9     0.000000     0.000000     0.000000
     0.000000
      224.064      40.6913      10016.4     0.000000     0.000000     0.000000
     0.000000
      119.818      42.4017      10012.7     0.000000     0.000000     0.000000
     0.000000
      121.470      215.858      10010.6     0.000000     0.000000     0.000000
     0.000000
      184.875      289.720      9994.10     0.000000     0.000000     0.000000
     0.000000
      46.6822      362.316      9969.35     0.000000     0.000000     0.000000
     0.000000
      286.563      89.0843      9927.89     0.000000     0.000000     0.000000
     0.000000
      147.549      316.635      9833.91     0.000000     0.000000     0.000000
     0.000000
      140.216      239.690      9810.08     0.000000     0.000000     0.000000
     0.000000
      218.380      212.227      9791.60     0.000000     0.000000     0.000000
     0.000000
      185.957      95.6876      9773.53     0.000000     0.000000     0.000000
     0.000000
      250.300      140.294      9763.96     0.000000     0.000000     0.000000
     0.000000
      211.091      310.549      9754.13     0.000000     0.000000     0.000000
     0.000000
      300.558      138.689      9746.11     0.000000     0.000000     0.000000
     0.000000
      257.092      215.141      9744.90     0.000000     0.000000     0.000000
     0.000000
      246.171      47.4282      9728.41     0.000000     0.000000     0.000000
     0.000000
      102.151      37.6587      9726.53     0.000000     0.000000     0.000000
     0.000000
      234.644      320.442      9706.42     0.000000     0.000000     0.000000
     0.000000
      209.105      208.744      9681.31     0.000000     0.000000     0.000000
     0.000000
      19.1231      99.7509      9678.07     0.000000     0.000000     0.000000
     0.000000
      38.0761      219.821      9671.93     0.000000     0.000000     0.000000
     0.000000
      30.9910      211.942      9605.70     0.000000     0.000000     0.000000
     0.000000
      46.4823      149.956      9603.90     0.000000     0.000000     0.000000
     0.000000
      98.9956      300.200      9558.20     0.000000     0.000000     0.000000
     0.000000
      189.435      348.322      9497.54     0.000000     0.000000     0.000000
     0.000000
      229.480      91.6102      9487.79     0.000000     0.000000     0.000000
     0.000000
      218.761      291.812      9487.13     0.000000     0.000000     0.000000
     0.000000
      141.428      284.746      9474.41     0.000000     0.000000     0.000000
     0.000000
      26.3322      214.819      9446.11     0.000000     0.000000     0.000000
     0.000000
      20.0580      339.197      9418.89     0.000000     0.000000     0.000000
     0.000000
      98.2980      240.850      9417.25     0.000000     0.000000     0.000000
     0.000000
      54.2404      295.567      9409.39     0.000000     0.000000     0.000000
     0.000000
      306.913      202.034      9403.31     0.000000     0.000000     0.000000
     0.000000
      83.5711      209.601      9402.86     0.000000     0.000000     0.000000
     0.000000
      49.9428      186.438      9373.70     0.000000     0.000000     0.000000
     0.000000
      141.370      45.4081      9334.23     0.000000     0.000000     0.000000
     0.000000
      187.359      251.220      9330.72     0.000000     0.000000     0.000000
     0.000000
      256.338      255.339      9330.37     0.000000     0.000000     0.000000
     0.000000
      47.4843      242.818      9320.21     0.000000     0.000000     0.000000
     0.000000
      299.883      105.716      9308.30     0.000000     0.000000     0.000000
     0.000000
      347.525      73.1966      9299.82     0.000000     0.000000     0.000000
     0.000000
      127.778      51.4150      9285.16     0.000000     0.000000     0.000000
     0.000000
      243.152      87.5172      9252.12     0.000000     0.000000     0.000000
     0.000000
      18.7177      289.625      9248.86     0.000000     0.000000     0.000000
     0.000000
      111.025      107.977      9247.44     0.000000     0.000000     0.000000
     0.000000
      48.9049      321.713      9229.70     0.000000     0.000000     0.000000
     0.000000
      49.1277      22.6012      9189.48     0.000000     0.000000     0.000000
     0.000000
      7.74438      341.231      9186.96     0.000000     0.000000     0.000000
     0.000000
      114.374      319.487      9181.88     0.000000     0.000000     0.000000
     0.000000
      356.844      58.7305      9181.26     0.000000     0.000000     0.000000
     0.000000
      197.970      42.8118      9167.81     0.000000     0.000000     0.000000
     0.000000
      308.839      51.4067      9159.38     0.000000     0.000000     0.000000
     0.000000
      29.2213      234.074      9158.70     0.000000     0.000000     0.000000
     0.000000
      241.482      85.2010      9157.08     0.000000     0.000000     0.000000
     0.000000
      251.966      16.5346      9070.71     0.000000     0.000000     0.000000
     0.000000
      61.7394      162.858      9055.08     0.000000     0.000000     0.000000
     0.000000
      135.239      315.640      9036.42     0.000000     0.000000     0.000000
     0.000000
      66.3842      282.122      9028.25     0.000000     0.000000     0.000000
     0.000000
      84.6350      140.990      9007.93     0.000000     0.000000     0.000000
     0.000000
      222.329      342.022      9006.42     0.000000     0.000000     0.000000
     0.000000
      42.9745      341.749      8977.87     0.000000     0.000000     0.000000
     0.000000
      197.206      182.702      8977.56     0.000000     0.000000     0.000000
     0.000000
      69.5008      239.540      8968.93     0.000000     0.000000     0.000000
     0.000000
      72.0435      75.5923      8967.49     0.000000     0.000000     0.000000
     0.000000
      136.074      185.496      8946.40     0.000000     0.000000     0.000000
     0.000000
      6.45282      119.214      8940.80     0.000000     0.000000     0.000000
     0.000000
      264.851      274.553      8934.76     0.000000     0.000000     0.000000
     0.000000
      126.041      181.148      8927.69     0.000000     0.000000     0.000000
     0.000000
      235.483      54.1305      8853.71     0.000000     0.000000     0.000000
     0.000000
      113.735      351.481      8850.05     0.000000     0.000000     0.000000
     0.000000
      182.225      58.8718      8844.37     0.000000     0.000000     0.000000
     0.000000
      281.007      213.040      8785.75     0.000000     0.000000     0.000000
     0.000000
      280.136      298.103      8785.29     0.000000     0.000000     0.000000
     0.000000
      154.780      212.224      8738.26     0.000000     0.000000     0.000000
     0.000000
      362.577      358.870      8687.21     0.000000     0.000000     0.000000
     0.000000
      79.9677      223.692      8684.84     0.000000     0.000000     0.000000
     0.000000
      281.464      343.100      8642.57     0.000000     0.000000     0.000000
     0.000000
      227.974      93.5333      8642.12     0.000000     0.000000     0.000000
     0.000000
      225.162      179.988      8603.52     0.000000     0.000000     0.000000
     0.000000
      363.955      187.390      8573.78     0.000000     0.000000     0.000000
     0.000000
      304.473      145.395      8560.22     0.000000     0.000000     0.000000
     0.000000
      329.204      340.733      8548.99     0.000000     0.000000     0.000000
     0.000000
      3.46966      252.491      8542.90     0.000000     0.000000     0.000000
     0.000000
      350.219      184.647      8540.27     0.000000     0.000000     0.000000
     0.000000
      331.809      108.234      8527.97     0.000000     0.000000     0.000000
     0.000000
      3.84361      36.1200      8526.37     0.000000     0.000000     0.000000
     0.000000
      113.516      189.622      8513.15     0.000000     0.000000     0.000000
     0.000000
      135.314      328.291      8510.13     0.000000     0.000000     0.000000
     0.000000
      207.372      110.136      8501.20     0.000000     0.000000     0.000000
     0.000000
      120.626      11.9419      8493.59     0.000000     0.000000     0.000000
     0.000000
      39.2559      283.713      8484.60     0.000000     0.000000     0.000000
     0.000000
      20.0342      213.709      8476.63     0.000000     0.000000     0.000000
     0.000000
      281.907      63.6222      8470.19     0.000000     0.000000     0.000000
     0.000000
      271.525      171.649      8465.58     0.000000     0.000000     0.000000
     0.000000
      260.969      349.726      8421.75     0.000000     0.000000     0.000000
     0.000000
      244.879      352.469      8410.74     0.000000     0.000000     0.000000
     0.000000
      231.957      163.764      8396.27     0.000000     0.000000     0.000000
     0.000000
      57.4121      69.9200      8393.76     0.000000     0.000000     0.000000
     0.000000
      339.282      345.389      8380.26     0.000000     0.000000     0.000000
     0.000000
      58.7499      176.551      8376.42     0.000000     0.000000     0.000000
     0.000000
      296.630      179.301      8372.55     0.000000     0.000000     0.000000
     0.000000
      20.4299      219.358      8363.85     0.000000     0.000000     0.000000
     0.000000
      24.8150      354.064      8342.90     0.000000     0.000000     0.000000
     0.000000
      98.5372      185.151      8342.33     0.000000     0.000000     0.000000
     0.000000
      333.657      45.6321      8330.16     0.000000     0.000000     0.000000
     0.000000
      224.090      156.503      8324.05     0.000000     0.000000     0.000000
     0.000000
      99.2796      293.111      8322.83     0.000000     0.000000     0.000000
     0.000000
      85.1664      140.326      8302.26     0.000000     0.000000     0.000000
     0.000000
      212.479      238.727      8295.13     0.000000     0.000000     0.000000
     0.000000
      349.170      28.4832      8288.76     0.000000     0.000000     0.000000
     0.000000
      212.064      100.364      8282.41     0.000000     0.000000     0.000000
     0.000000
      116.647      297.652      8244.60     0.000000     0.000000     0.000000
     0.000000
      140.094      252.549      8239.89     0.000000     0.000000     0.000000
     0.000000
      3.73455      218.219      8234.69     0.000000     0.000000     0.000000
     0.000000
      41.0175      236.134      8216.58     0.000000     0.000000     0.000000
     0.000000
      130.661      14.6804      8215.85     0.000000     0.000000     0.000000
     0.000000
      157.922      249.381      8207.19     0.000000     0.000000     0.000000
     0.000000
      361.029      103.031      8201.34     0.000000     0.000000     0.000000
     0.000000
      25.1080      304.053      8196.51     0.000000     0.000000     0.000000
     0.000000
      251.132      226.503      8184.33     0.000000     0.000000     0.000000
     0.000000
      262.140      262.829      8179.95     0.000000     0.000000     0.000000
     0.000000
      112.822      234.655      8176.15     0.000000     0.000000     0.000000
     0.000000
      362.972      130.027      8170.37     0.000000     0.000000     0.000000
     0.000000
      286.230      214.833      8117.50     0.000000     0.000000     0.000000
     0.000000
      347.297      45.7254      8096.95     0.000000     0.000000     0.000000
     0.000000
      89.8166      132.465      8078.18     0.000000     0.000000     0.000000
     0.000000
      188.795      172.561      8077.90     0.000000     0.000000     0.000000
     0.000000
      96.6791      135.688      8063.67     0.000000     0.000000     0.000000
     0.000000
      317.930      159.719      8055.87     0.000000     0.000000     0.000000
     0.000000
      333.854      148.828      8055.59     0.000000     0.000000     0.000000
     0.000000
      189.200      301.279      8055.36     0.000000     0.000000     0.000000
     0.000000
      151.986      311.486      8039.44     0.000000     0.000000     0.000000
     0.000000
      317.173      97.2851      8026.74     0.000000     0.000000     0.000000
     0.000000
      223.548      211.624      8024.90     0.000000     0.000000     0.000000
     0.000000
      9.04450      340.864      8020.38     0.000000     0.000000     0.000000
     0.000000
      349.144      213.470      8005.95     0.000000     0.000000     0.000000
     0.000000
      109.896      313.486      8000.23     0.000000     0.000000     0.000000
     0.000000
      350.389      211.508      7988.00     0.000000     0.000000     0.000000
     0.000000
      206.645      123.713      7979.93     0.000000     0.000000     0.000000
     0.000000
      266.411      347.247      7978.76     0.000000     0.000000     0.000000
     0.000000
      80.1159      330.520      7976.54     0.000000     0.000000     0.000000
     0.000000
      214.298      176.375      7969.72     0.000000     0.000000     0.000000
     0.000000
      13.5541      204.100      7969.38     0.000000     0.000000     0.000000
     0.000000
      328.562      10.8260      7964.38     0.000000     0.000000     0.000000
     0.000000
      84.1033      121.227      7954.34     0.000000     0.000000     0.000000
     0.000000
      44.5995      201.531      7926.02     0.000000     0.000000     0.000000
     0.000000
      39.7059      73.2695      7919.54     0.000000     0.000000     0.000000
     0.000000
      353.915      95.5096      7878.12     0.000000     0.000000     0.000000
     0.000000
      257.584      7.33578      7860.87     0.000000     0.000000     0.000000
     0.000000
      69.1357      135.115      7856.97     0.000000     0.000000     0.000000
     0.000000
      189.035      357.202      7854.36     0.000000     0.000000     0.000000
     0.000000
      176.125      133.910      7851.27     0.000000     0.000000     0.000000
     0.000000
      86.8012      128.032      7816.09     0.000000     0.000000     0.000000
     0.000000
      281.446      330.991      7811.29     0.000000     0.000000     0.000000
     0.000000
      178.094      182.133      7805.46     0.000000     0.000000     0.000000
     0.000000
      303.274      229.602      7781.67     0.000000     0.000000     0.000000
     0.000000
      127.928      163.923      7739.83     0.000000     0.000000     0.000000
     0.000000
      193.399      224.266      7730.48     0.000000     0.000000     0.000000
     0.000000
      345.658      223.740      7708.36     0.000000     0.000000     0.000000
     0.000000
      184.026      65.1665      7692.67     0.000000     0.000000     0.000000
     0.000000
      105.698      64.8980      7649.95     0.000000     0.000000     0.000000
     0.000000
      130.572      14.4292      7648.34     0.000000     0.000000     0.000000
     0.000000
      315.749      17.0102      7646.99     0.000000     0.000000     0.000000
     0.000000
      224.948      199.281      7644.45     0.000000     0.000000     0.000000
     0.000000
      3.71182      140.943      7637.17     0.000000     0.000000     0.000000
     0.000000
      297.735      341.078      7624.77     0.000000     0.000000     0.000000
     0.000000
      184.381      266.513      7612.73     0.000000     0.000000     0.000000
     0.000000
      74.0777      76.6774      7610.14     0.000000     0.000000     0.000000
     0.000000
      229.994      327.230      7607.33     0.000000     0.000000     0.000000
     0.000000
      300.324      41.7404      7592.34     0.000000     0.000000     0.000000
     0.000000
      86.5110      250.161      7587.75     0.000000     0.000000     0.000000
     0.000000
      219.749      166.493      7586.91     0.000000     0.000000     0.000000
     0.000000
      140.995      54.3545      7578.47     0.000000     0.000000     0.000000
     0.000000
      222.102      27.6615      7564.80     0.000000     0.000000     0.000000
     0.000000
      166.091      60.8323      7560.70     0.000000     0.000000     0.000000
     0.000000
      54.0243      249.656      7560.08     0.000000     0.000000     0.000000
     0.000000
      86.2203      294.304      7551.22     0.000000     0.000000     0.000000
     0.000000
      230.635      13.7741      7551.03     0.000000     0.000000     0.000000
     0.000000
      42.3630      219.880      7520.25     0.000000     0.000000     0.000000
     0.000000
      223.474      5.85404      7506.76     0.000000     0.000000     0.000000
     0.000000
      339.768      78.3322      7496.85     0.000000     0.000000     0.000000
     0.000000
      181.819      318.912      7456.63     0.000000     0.000000     0.000000
     0.000000
      344.929      107.100      7451.92     0.000000     0.000000     0.000000
     0.000000
      194.012      110.977      7450.68     0.000000     0.000000     0.000000
     0.000000
      96.0159      87.0652      7448.98     0.000000     0.000000     0.000000
     0.000000
      309.907      201.304      7422.60     0.000000     0.000000     0.000000
     0.000000
      352.607      207.636      7407.49     0.000000     0.000000     0.000000
     0.000000
      10.0850      74.6048      7402.71     0.000000     0.000000     0.000000
     0.000000
      314.108      4.39326      7366.84     0.000000     0.000000     0.000000
     0.000000
      92.7798      301.844      7344.09     0.000000     0.000000     0.000000
     0.000000
      178.008      104.544      7342.37     0.000000     0.000000     0.000000
     0.000000
      190.225      328.578      7330.94     0.000000     0.000000     0.000000
     0.000000
      135.999      57.5390      7314.04     0.000000     0.000000     0.000000
     0.000000
      97.0393      5.48788      7313.27     0.000000     0.000000     0.000000
     0.000000
      165.200      159.932      7299.78     0.000000     0.000000     0.000000
     0.000000
      251.944      324.406      7278.26     0.000000     0.000000     0.000000
     0.000000
      68.5419      82.1139      7270.03     0.000000     0.000000     0.000000
     0.000000
      63.0529      52.6903      7243.15     0.000000     0.000000     0.000000
     0.000000
      330.566      190.512      7232.62     0.000000     0.000000     0.000000
     0.000000
      88.1024      155.162      7225.92     0.000000     0.000000     0.000000
     0.000000
      252.150      154.943      7196.68     0.000000     0.000000     0.000000
     0.000000
      296.441      217.759      7175.80     0.000000     0.000000     0.000000
     0.000000
      202.838      311.159      7156.54     0.000000     0.000000     0.000000
     0.000000
      231.353      84.4772      7150.01     0.000000     0.000000     0.000000
     0.000000
      28.1829      44.0445      7137.31     0.000000     0.000000     0.000000
     0.000000
      155.559      158.616      7136.71     0.000000     0.000000     0.000000
     0.000000
      158.502      360.723      7135.93     0.000000     0.000000     0.000000
     0.000000
      297.945      207.397      7135.41     0.000000     0.000000     0.000000
     0.000000
      174.532      275.227      7131.25     0.000000     0.000000     0.000000
     0.000000
      276.590      73.3019      7096.64     0.000000     0.000000     0.000000
     0.000000
      4.98168      226.570      7078.55     0.000000     0.000000     0.000000
     0.000000
      353.974      244.802      7064.15     0.000000     0.000000     0.000000
     0.000000
      238.717      285.406      7024.70     0.000000     0.000000     0.000000
     0.000000
      123.122      252.534      7004.02     0.000000     0.000000     0.000000
     0.000000
      341.752      234.903      6998.35     0.000000     0.000000     0.000000
     0.000000
      163.600      12.4996      6996.43     0.000000     0.000000     0.000000
     0.000000
      39.9085      188.847      6970.39     0.000000     0.000000     0.000000
     0.000000
      58.6450      126.128      6965.15     0.000000     0.000000     0.000000
     0.000000
      54.7612      220.406      6937.47     0.000000     0.000000     0.000000
     0.000000
      283.937      55.5230      6900.33     0.000000     0.000000     0.000000
     0.000000
      57.7399      307.712      6881.11     0.000000     0.000000     0.000000
     0.000000
      179.116      140.159      6871.33     0.000000     0.000000     0.000000
     0.000000
      163.289      332.439      6869.44     0.000000     0.000000     0.000000
     0.000000
      193.545      304.415      6863.99     0.000000     0.000000     0.000000
     0.000000
      112.087      266.857      6863.63     0.000000     0.000000     0.000000
     0.000000
      93.9835      13.9360      6862.43     0.000000     0.000000     0.000000
     0.000000
      336.524      204.765      6843.78     0.000000     0.000000     0.000000
     0.000000
      296.890      17.8750      6842.42     0.000000     0.000000     0.000000
     0.000000
      66.1222      217.429      6834.09     0.000000     0.000000     0.000000
     0.000000
      359.721      279.081      6816.87     0.000000     0.000000     0.000000
     0.000000
      92.6921      141.503      6810.39     0.000000     0.000000     0.000000
     0.000000
      9.90257      16.4829      6810.06     0.000000     0.000000     0.000000
     0.000000
      150.675      196.338      6804.06     0.000000     0.000000     0.000000
     0.000000
      326.662      361.814      6796.60     0.000000     0.000000     0.000000
     0.000000
      154.145      194.495      6790.79     0.000000     0.000000     0.000000
     0.000000
      24.1808      199.348      6788.36     0.000000     0.000000     0.000000
     0.000000
      262.393      133.538      6786.13     0.000000     0.000000     0.000000
     0.000000
      6.97511      116.572      6760.88     0.000000     0.000000     0.000000
     0.000000
      69.1432      42.7144      6760.76     0.000000     0.000000     0.000000
     0.000000
      195.255      84.6974      6742.48     0.000000     0.000000     0.000000
     0.000000
      333.503      187.364      6720.80     0.000000     0.000000     0.000000
     0.000000
      222.436      355.739      6710.22     0.000000     0.000000     0.000000
     0.000000
